name: interproscan_venv
channels:
  - bioconda
  - defaults
dependencies:
  - _libgcc_mutex=0.1=main
  - _openmp_mutex=5.1=1_gnu
  - blast=2.12.0=pl5262h3289130_0
  - bzip2=1.0.8=h7b6447c_0
  - c-ares=1.18.1=h7f8727e_0
  - ca-certificates=2023.01.10=h06a4308_0
  - cath-tools=0.16.5=h78a066a_0
  - certifi=2022.9.24=py311h06a4308_0
  - curl=7.87.0=h5eee18b_0
  - dbus=1.13.18=hb2f20db_0
  - emboss=6.6.0=he06d7ca_1
  - entrez-direct=16.2=he881be0_1
  - expat=2.4.9=h6a678d5_0
  - fontconfig=2.14.1=h52c9d5c_1
  - freetype=2.12.1=h4a9f257_0
  - giflib=5.1.4=h14c3975_1
  - glib=2.69.1=he621ea3_2
  - hmmer=3.3.2=h87f3376_2
  - hmmer2=2.3.2=hec16e2b_7
  - icu=58.2=he6710b0_3
  - interproscan=5.55_88.0=hec16e2b_1
  - jpeg=9e=h7f8727e_0
  - krb5=1.19.4=h568e23c_0
  - ld_impl_linux-64=2.38=h1181459_1
  - libcurl=7.87.0=h91b91d3_0
  - libedit=3.1.20221030=h5eee18b_0
  - libev=4.33=h7f8727e_1
  - libffi=3.4.2=h6a678d5_6
  - libgcc-ng=11.2.0=h1234567_1
  - libgd=2.2.5=h8e06009_4
  - libgfortran-ng=7.5.0=ha8ba4b0_17
  - libgfortran4=7.5.0=ha8ba4b0_17
  - libgomp=11.2.0=h1234567_1
  - libidn2=2.3.2=h7f8727e_0
  - libnghttp2=1.46.0=hce63b2e_0
  - libpng=1.6.37=hbc83047_0
  - libssh2=1.10.0=h8f2d780_0
  - libstdcxx-ng=11.2.0=h1234567_1
  - libtiff=4.1.0=hecacb30_2
  - libunistring=0.9.10=h27cfd23_0
  - libuuid=1.41.5=h5eee18b_0
  - libwebp=1.0.1=h8e7db2f_0
  - libxcb=1.15=h7f8727e_0
  - libxml2=2.9.14=h74e7548_0
  - lz4-c=1.9.4=h6a678d5_0
  - ncurses=6.4=h6a678d5_0
  - openjdk=11.0.13=h87a67e3_0
  - openssl=1.1.1t=h7f8727e_0
  - pcre=8.45=h295c915_0
  - perl=5.26.2=h14c3975_0
  - perl-archive-tar=2.32=pl526_0
  - perl-carp=1.38=pl526_3
  - perl-common-sense=3.74=pl526_2
  - perl-compress-raw-bzip2=2.087=pl526he1b5a44_0
  - perl-compress-raw-zlib=2.087=pl526hc9558a2_0
  - perl-exporter=5.72=pl526_1
  - perl-exporter-tiny=1.002001=pl526_0
  - perl-extutils-makemaker=7.36=pl526_1
  - perl-io-compress=2.087=pl526he1b5a44_0
  - perl-io-zlib=1.10=pl526_2
  - perl-json=4.02=pl526_0
  - perl-json-xs=2.34=pl526h6bb024c_3
  - perl-list-moreutils=0.428=pl526_1
  - perl-list-moreutils-xs=0.428=pl526_0
  - perl-pathtools=3.75=pl526h14c3975_1
  - perl-scalar-list-utils=1.52=pl526h516909a_0
  - perl-types-serialiser=1.0=pl526_2
  - perl-xsloader=0.24=pl526_0
  - pftools=2.3.5=h4333106_0
  - pip=22.2.2=py311h06a4308_0
  - python=3.11.0=h7a1cb2a_2
  - readline=8.2=h5eee18b_0
  - setuptools=65.5.0=py311h06a4308_0
  - sfld=1.1=hec16e2b_2
  - sqlite=3.40.1=h5082296_0
  - tk=8.6.12=h1ccaba5_0
  - tzdata=2022g=h04d1e81_0
  - wget=1.21.3=h0b77cf5_0
  - wheel=0.37.1=pyhd3eb1b0_0
  - xz=5.2.10=h5eee18b_1
  - zlib=1.2.13=h5eee18b_0
  - zstd=1.5.2=ha4553b6_0
