name: orthofinder_venv
channels:
  - bioconda
  - defaults
dependencies:
  - _libgcc_mutex=0.1=main
  - _openmp_mutex=5.1=1_gnu
  - blas=1.0=mkl
  - blast=2.12.0=pl5262h3289130_0
  - boost=1.67.0=py37_4
  - bzip2=1.0.8=h7b6447c_0
  - c-ares=1.19.0=h5eee18b_0
  - ca-certificates=2023.01.10=h06a4308_0
  - certifi=2022.12.7=py37h06a4308_0
  - curl=7.88.1=h5eee18b_0
  - diamond=0.9.24=ha87ae23_0
  - entrez-direct=16.2=he881be0_1
  - fastme=2.1.6.1=hec16e2b_1
  - fasttree=2.1.11=hec16e2b_1
  - gawk=5.1.0=h7b6447c_0
  - gmp=6.2.1=h295c915_3
  - icu=58.2=he6710b0_3
  - intel-openmp=2021.4.0=h06a4308_3561
  - iqtree=2.1.4_beta=hdcc8f71_0
  - krb5=1.19.4=h568e23c_0
  - ld_impl_linux-64=2.38=h1181459_1
  - libboost=1.67.0=h46d08c1_4
  - libcurl=7.88.1=h91b91d3_0
  - libedit=3.1.20221030=h5eee18b_0
  - libev=4.33=h7f8727e_1
  - libffi=3.4.2=h6a678d5_6
  - libgcc-ng=11.2.0=h1234567_1
  - libgfortran-ng=7.5.0=ha8ba4b0_17
  - libgfortran4=7.5.0=ha8ba4b0_17
  - libgomp=11.2.0=h1234567_1
  - libidn2=2.3.2=h7f8727e_0
  - libnghttp2=1.46.0=hce63b2e_0
  - libssh2=1.10.0=h8f2d780_0
  - libstdcxx-ng=11.2.0=h1234567_1
  - libunistring=0.9.10=h27cfd23_0
  - mafft=7.505=hec16e2b_0
  - mcl=14.137=pl5262h779adbc_6
  - mkl=2021.4.0=h06a4308_640
  - mkl-service=2.4.0=py37h7f8727e_0
  - mkl_fft=1.3.1=py37hd3c417c_0
  - mkl_random=1.2.2=py37h51133e4_0
  - mmseqs2=13.45111=h95f258a_1
  - mpi=1.0=openmpi
  - muscle=5.1=h9f5acd7_1
  - ncurses=6.4=h6a678d5_0
  - numpy=1.21.5=py37h6c91a56_3
  - numpy-base=1.21.5=py37ha15fc14_3
  - openmpi=4.0.2=hb1b8bf9_1
  - openssl=1.1.1t=h7f8727e_0
  - orthofinder=2.5.4=hdfd78af_0
  - pcre=8.45=h295c915_0
  - perl=5.26.2=h14c3975_0
  - perl-archive-tar=2.32=pl526_0
  - perl-carp=1.38=pl526_3
  - perl-common-sense=3.74=pl526_2
  - perl-compress-raw-bzip2=2.087=pl526he1b5a44_0
  - perl-compress-raw-zlib=2.087=pl526hc9558a2_0
  - perl-exporter=5.72=pl526_1
  - perl-exporter-tiny=1.002001=pl526_0
  - perl-extutils-makemaker=7.36=pl526_1
  - perl-io-compress=2.087=pl526he1b5a44_0
  - perl-io-zlib=1.10=pl526_2
  - perl-json=4.02=pl526_0
  - perl-json-xs=2.34=pl526h6bb024c_3
  - perl-list-moreutils=0.428=pl526_1
  - perl-list-moreutils-xs=0.428=pl526_0
  - perl-pathtools=3.75=pl526h14c3975_1
  - perl-scalar-list-utils=1.52=pl526h516909a_0
  - perl-types-serialiser=1.0=pl526_2
  - perl-xsloader=0.24=pl526_0
  - pip=22.3.1=py37h06a4308_0
  - py-boost=1.67.0=py37h04863e7_4
  - python=3.7.16=h7a1cb2a_0
  - raxml=8.2.12=hec16e2b_4
  - raxml-ng=0.9.0=h192cbe9_1
  - readline=8.2=h5eee18b_0
  - scipy=1.7.3=py37hc147768_0
  - setuptools=65.6.3=py37h06a4308_0
  - six=1.16.0=pyhd3eb1b0_1
  - sqlite=3.41.1=h5eee18b_0
  - tk=8.6.12=h1ccaba5_0
  - wget=1.21.3=h0b77cf5_0
  - wheel=0.38.4=py37h06a4308_0
  - xz=5.2.10=h5eee18b_1
  - zlib=1.2.13=h5eee18b_0
